00000000000000000000000000000000000000000000000000100000000000000000000000000000000000000000000000000
02304204342231021141332132123442432004244313300204203204310322131123041141202131403303042431042212010
01241343140341303242001441142043020403013421021043430112330141023244330314310223322312142331003332130
01340001141200221442001344001430214044011442330211010244032001224042244124313042133432442344223401340
03222421322411110003431233341220241112102203002344124144342012413301410002012311303332122203202032110
00301204302022440442232224304103422323400111340004013224001442413303224040134033241200003032412434100
02044140432330244011142043022321212123202422312031022131020242433303012000000412443231202302312223330
01000343320233143322101133001100102330334420120111242404443431420133220003310202323443323414442040130
03220101030213212134401233423431121322102231210042001414101101141314100422243324122040122134131302440
01142141310223203033413104433232004102131400200130421342312240321114432413001334413021220010114021000
04011331014434433122112342201123423312442001041443143432401414403414143320434130323111312400114113110
02204111313444133400020233213001032100012024111042144033031342433143303040323304424021204230210133320
01110142032024204314223241133441143141431021223240140234212143040010044333112244131044043210002110400
02003041422242041230241042401042213344420131100112023023224303244320134214441202411131241012134440310
02432300120331401202124224013412210131304022302321003134131104404333141122003012442442224431421124320
00331143403420101244404132204004424314200141403431340014031240341423222401411221100123403123031142300
00042414224204332413214221442312421303300041420121431002133041020241131033244341004131413110324334300
04242344204411121424302243401420112202321132132311133203423012024002042114040220410134141322111213110
00334442432212220232344023320130022423324402301320004201400121232301442113024402443143230030202240430
03132032120332032204102304323433421441424410314401003312243102222104402301023224413412133004014230130
00040323242330133442422443320442100044332230124243043112430320001410400034200024143114042323013114140
03233332424131321103300143124323003030013233110013223320142000024402200233130212220010400310114222000
03140410201344403001004234031202401404421341101343233324124310004043122041414330433130232031020401310
01312433041444034044423142320130124232444311322423231200000224402010341204401103423122320444132420400
01041132303304430132231024432012243040231423303420202323433013023003113424234042011333320312134341010
00141111004112331203300202210142302030133104224341144241343240003211412422120033204132344410043210310
02214023440301302213220433143004322434302041132211413424224133321311241242402131242133334311341411000
00212144314044331244413003424340344133110031134221000233004024112042020232410334422301301000113241020
03434200233331200332312014243312402432312130334141041023442021102021340043223314024434011301042010100
02121214013011333243043212114211001044123041334032332040044344201334232042034023241231343234242111110
00010010102113330043414004210132004442112301243440010322411421431300042023311232422431412120303043100
01110014222430211223322300111222023034222143204333234213124121341422143403432111034330021442300234330
00430441421140222210400402211141403030024221143401014421132012404033040043242234220313232042410004300
03122030404244241041033341301130443042044313212443241314032243333132233203311424220202304412113004330
02441414200013023400021041430100202134414431302113323241111200123321144442233431232130340330101342240
03130231442412141100430442023401141332430221212410304033334201113244003041423413332131200444040414330
02141314420104100043021433210443323321122000232223102203302212320003442310103220311223131402041113420
02144143131113002320321213342410344210103041144220421201421121402010024440423010434223340110041023100
02322343420113212102411104024240134112140042042221024034410213334201400420413212113010403023311240100
04131140014430134302320002432101242322232432230322412202211001012401434410202313103332330220320140040
04103203334200403231140241240304300301231033210242442131334030230123131040413344042104232310210412310
01342232012144241420100240232412221313131230141112430424231330443000231113320141030103303201244113410
04343203343224323424044314202401211020104404012003142002144442343342033324220213302043120221312334440
01121324124344112102010001234133413332021024210203210010221343320031244423420014443030200033423002120
00402130322310034422211330133443412321132343221033001110314032114240244403020131412123443112443311400
03121333212411333232040131433444103312433032232421432014220213013044402243130012331204142104124000140
02024212013330244200304312402132102413411031230331343233242430130304420202432002114121023204302204430
04111442331342224441401203331033342412401101021212122402230444212213134132002122233042424033240102300
01310342023313323142232231400421324242220103412024210001340342244011421322010312234220224140212424110
02212212440122234201213342142203401240202433332111334422000331202143133024314220123241111102413012210
04112404243031111103013021333034020424032240133343331013414124343203404422010230214032030241001014130
04221321103042020144243441310101241200323331334020133044042331033040314324313243401421224201221041010
01034214240404343211321432100314441302112000424144044321303141442103401222430403434402111312021031410
00100204334002400304133311413031312310234424101132430340421144311002033200310010202223111242310343110
01014232244344312343243200422333344423234230042144040032143031444100241313220111213344242000242401230
03102014121142200442421110212040301041420410412001331114142202244244044433122121312441331324313122020
03434133221102244033102123313323042340421211302432144141040403303122214144314424202010340141222211020
00114101203020412433204010242234344432141040043020103333204412400430020111040440443333213444333021020
04102214130010132224212403031201441014313240140100321313420422021204221143132433144230031411130002240
04203003041324132342311001204302102420130132044141012010044013420124441434422341111000310343124020300
00042014124302110341133133200133422213432424333414414230022441444224411101203210243422401041423014130
01123104032000041144114333001330402122131341442234024134111022322430440223422004010404441344213444300
03404222330103242310043241243421212243443330100030301410012310022240423002002400241203222011132400330
02334142002300130102221312040214212121114032310120121310124431221030114103121420412002444022432134320
04413034223322041443304421302441003332220213331402444110414313320022142314441422103323420421431310420
03400314330230323103310432402444202330142243101221434443131013313003222243022021332131243010124422410
00204213114241431302340334104012131232030134333420310412210130301201402032241120034100441011410334340
00042241323310041303430241200101203331011312304434432034034043040431042123103334403111120012333231420
00021140013440320320442112403340230322242103241000213334242420333210104140030321114441003214224240220
04333041300012330304212301132013213103141203444301313122021122332041021331114221230012132124314230030
00411400231142331333422312341431111434220314333440210301002301012302201410344210321131001404042403040
03341440122113403123300432132240434422434013334013041330204403420432032012334111134400041102341211040
01420210232403134213003012211341023132341100414003243031222234030240443300311201132102141000110331240
00342340334440334421121413442244414410314343234301013324403341312003103014202021333434110301134322410
04410102141341244300302421203240220422302320444011442244214303424333441311021230441244314300044310220
02040231004011342004044232232022323124412233433143331102241310041430320143104201340203320333241413120
02233232101024032424334034243020012014022304244322142224224440031001134124313430130404310002244043010
03213433110112424020124122134100001403344143411240031001100021430434040220322414300232402132203040440
02240040330231232014404144422103211023441232143341434010404333341210233322034202021110121222321301140
00422040011002402242344122110130404020324214312242033331321420331102103423301221023011212331114422240
04210334412300311331133204340032414031202331233341112233024000330102041101413111322113001411330032010
02441101342444041424010211440021120104144332324041432111132042230230140004322442433322031234103121140
02001332304442420012413434022120332303034202222131023232422040111321423211320044442223243021403113300
00334140332002002300402340011220234304341112423023401030222411344243132040112131311030000232303324110
04332311234232034021212330010243033102243113134114233000144044104234020041334314000020300133232334440
00412241233332310140142404013324132030022133310021320321003210120440303340000304142233200423101013330
00200031204122314110201011344002131422403424403010114314334422324011444141230231224313102313244304410
04014003034141440130331400312412040240402411343021011230001140112111203434340211344342122213011233110
03202212333001400323002241441003211242024233330442004341401203043110122021331001132422240202223311200
04024004213244141344134140133242431004422441312401240231031214121311410132214314412133212201444331130
02404330231334132321214034134413032240044211332324031002112234121140341002422300223142030303003012110
03423042434014310030120034410443300320242110201012142112434243332341422301141213303243400334131411010
01031013403413234234303243024332032043420221231442403301201440042222403030214212314012430040110240240
01210041114112421131024421303022443044231201424323144010010121232034012322340043322322032142133211140
04212420432010210223444304123334411300020303001022234221300423221222001204320113421032134014332110140
01404203423434404123221403302141224431133331413311234241440031314232344110241431213004431402232011230
01324021321322123004330334100133043232024422033023323430304411241322403402112113011224041312333320140
04044032300444203241441202421020411333140432332031101223300142240302404303022444234323230321032024110
03334142220330433131040142300324214143113024120201341140330144133020204101211433300412124423132332230
00000000000000000000000000000000000000000000000000100000000000000000000000000000000000000000000000000
